# Created by Octave 4.2.2, Tue Nov 27 00:02:46 2018 EST <debdeep@xyoubg>
# name: err_par
# type: matrix
# rows: 1
# columns: 50
 0.1955775547605827 0.1884949556523678 0.1795997397256152 0.1913560813152971 0.1827803249143167 0.2062209553383224 0.1895701456497859 0.1748063876696109 0.1891839478222065 0.1845715151230082 0.1832012168000091 0.1796518148843483 0.1859392819532039 0.1754314473043411 0.1916088437359024 0.1835700100407102 0.1818815707513363 0.175141910862149 0.1870438791260039 0.19553946878911 0.1930615174549518 0.1901518471221199 0.1913985635552186 0.1882021299810317 0.1866257604901923 0.1873082986296782 0.2012693244173704 0.1966320826094924 0.1874744385488271 0.1770398996031355 0.188430803423785 0.1914383631559739 0.1933489926508496 0.1794185436607495 0.1931976109465567 0.1964835485019781 0.1923787124795795 0.1963567542724118 0.1860818174821813 0.1950018529011569 0.194089989380413 0.195112872951437 0.1914286795774572 0.1847602086665236 0.1780867646545218 0.1879986361372352 0.1826700083072984 0.1911554347336749 0.1913273110070446 0.1863434880519303


