# Created by Octave 4.2.2, Tue Nov 27 00:02:58 2018 EST <debdeep@xyoubg>
# name: err_one
# type: matrix
# rows: 1
# columns: 50
 0.2266001160098916 0.1962962314803438 0.2065073514822718 0.2049225054017138 0.2789256384560591 0.2172358810722598 0.1992149001472917 0.2095517738640827 0.2107855954842421 0.1835797616333656 0.1789344993491157 0.1926461231718812 0.1932846193304182 0.1603421704158892 0.2421937575140011 0.206389910100229 0.2230847121582683 0.2052282521570173 0.22459614229377 0.2166719014793066 0.1848151112252795 0.2110213668836518 0.1834642697696771 0.1882385543147584 0.1933742990068425 0.2224390281657185 0.2293318702041947 0.235392563171038 0.2018745469619768 0.2171230092215563 0.2284779041949818 0.1995772818144116 0.2061437700957925 0.1772270719820588 0.2172843220157289 0.2423941192045582 0.2157230048380021 0.2131995640421339 0.1853447494286365 0.1772138204769372 0.2223924042012148 0.2281931456432266 0.2399901263980191 0.2079055938145857 0.1855838262903824 0.1966892149898949 0.1815260453191677 0.2122726348550527 0.2172615580725952 0.1989315802163462


