# Created by Octave 4.2.2, Mon Nov 26 22:39:34 2018 EST <debdeep@xyoubg>
# name: err_par
# type: matrix
# rows: 1
# columns: 50
 0.189630713564299 0.1712703249769406 0.1753118828588612 0.1783272819464658 0.1701635393865036 0.1713440179078798 0.1724751168420532 0.1743104419821477 0.1809643119827084 0.1748379790486821 0.1853012545425781 0.1776862456219757 0.1800214722641481 0.1711960873802505 0.1731846569969102 0.1779600404476739 0.1768029514528273 0.170655339051749 0.1758910698278498 0.1801469612743204 0.1753351684444599 0.1767797533919263 0.1662100209489781 0.1832918804741304 0.1755818550851236 0.1788998449802861 0.176039994058816 0.1739457302670117 0.1739021363209809 0.1858436210145648 0.1834680107877831 0.1825632723839741 0.1894150426196176 0.1795934005259467 0.1915029193429183 0.1805290364309492 0.1688229696786359 0.1719390025031 0.185754125300687 0.1713056224699974 0.1877721525744912 0.188185213802577 0.1750834118996668 0.1878191665562549 0.1821282424014054 0.1788732267351713 0.1660941862348507 0.1747055453131165 0.1713870543372479 0.1755582511483387


