# Created by Octave 4.2.2, Tue Nov 27 00:03:04 2018 EST <debdeep@xyoubg>
# name: err_all
# type: matrix
# rows: 1
# columns: 50
 0.2134378094318453 0.204285299145249 0.2050558816958338 0.2180629052929309 0.2049382496054206 0.2220009169448059 0.2066579390360194 0.2010074096013565 0.2096947871835422 0.2110082704249036 0.2034381114098631 0.2088970689711036 0.2036732235442898 0.1964703459681831 0.2075025782114142 0.2035958841761323 0.2068696198885228 0.1946811594755104 0.2054808413217613 0.2176851078662854 0.21045905375012 0.2080688303360786 0.2166493081661479 0.2056978376278318 0.2057354844928964 0.2128534246390568 0.219886954229957 0.2247637049017275 0.1956903791934236 0.1968167532562846 0.215672621064222 0.2142256656253659 0.2118084589316987 0.2069048382425786 0.2123876520332698 0.2136007055838059 0.2243280856985495 0.2235029010080708 0.2005540094933108 0.2104150618400346 0.2178067859981878 0.2187151455271027 0.2079563574444326 0.2054250421718758 0.2029843987408388 0.2013989885361981 0.2057724001610824 0.2120790752139373 0.2097101109117302 0.20278583220243


