# Created by Octave 4.2.2, Mon Nov 26 22:39:11 2018 EST <debdeep@xyoubg>
# name: err_one
# type: matrix
# rows: 1
# columns: 50
 0.1883023831469913 0.1807753268336491 0.1597410182264728 0.1955267256205012 0.1976054631077374 0.1676101532133212 0.1832877598178011 0.1592038311488183 0.1864943051876565 0.2082194073701279 0.1722773625058911 0.1909420826282479 0.1796235724275661 0.1759843605214668 0.1910341164112566 0.1433942428815509 0.2013496904913446 0.1664554181174023 0.1854310674211241 0.1972575460157087 0.1709907379289989 0.1859181480396285 0.1759071311924949 0.2034281662343381 0.1726728005855091 0.2228703540565373 0.1881563297490038 0.1655087235043055 0.1735199871050525 0.1761311962016706 0.1689820621214844 0.179206790625687 0.237837694479006 0.1953459926603877 0.187842678357494 0.1596805240782904 0.1966829541781821 0.1546017761850754 0.2386261544360355 0.2107137758064585 0.2025089074325541 0.2036260614784021 0.1752804923740163 0.1837961586875375 0.1864282546357891 0.1888451859283196 0.155535300662833 0.1913743188805202 0.1419055848409119 0.1672948122729465


