# Created by Octave 4.2.2, Mon Nov 26 22:39:00 2018 EST <debdeep@xyoubg>
# name: err_all
# type: matrix
# rows: 1
# columns: 50
 0.2034802412221275 0.1934488281929407 0.198815281665566 0.1964399550653038 0.1959095048510781 0.1878944714388615 0.1836065260957801 0.1874519614811658 0.1976508041088188 0.1960408297773243 0.1948682876925189 0.1974619298515229 0.1896543334261925 0.1964563578962134 0.2002471620818664 0.1934891408259201 0.1948046296149857 0.189211180694882 0.1955422888942568 0.1958259553087276 0.193573332432359 0.1995965820061312 0.1843156785326502 0.1974238108394641 0.1950893669861258 0.1964703177124299 0.199992625110829 0.1897563328990985 0.195554187736822 0.1920196278723099 0.2018246510421047 0.1921831318091659 0.2017389918385048 0.1966742023957044 0.2000071028061156 0.1999631391569748 0.1840493115780326 0.1903253112940109 0.197119364049573 0.1950976466908971 0.2028605213120658 0.2013099689227825 0.1963785501112801 0.2053462304759923 0.2028258327986763 0.1929105610510994 0.1856123499398491 0.1959480040855679 0.1943781530389717 0.1902882433528915


