# Created by Octave 4.2.1, Tue Jun 19 17:43:56 2018 HST <debdeep@xyog>
# name: noise_intp
# type: matrix
# rows: 1
# columns: 1561
 -5.826359396367253e-16 1.747907818910176e-15 8.73953909455088e-16 2.039225788728539e-15 5.826359396367253e-16 1.019612894364269e-15 -4.005622085002487e-16 -1.565834087773699e-15 3.27732716045658e-16 -1.456589849091813e-16 -2.549032235910673e-16 -2.913179698183626e-16 -3.350156652911171e-15 -1.165271879273451e-15 1.966396296273948e-15 -7.282949245459067e-16 6.55465432091316e-16 -2.913179698183626e-16 5.826359396367253e-16 -4.36976954727544e-16 -2.330543758546901e-15 1.456589849091813e-16 -1.019612894364269e-15 -1.456589849091813e-15 -1.838944684478414e-15 -4.005622085002487e-16 5.098064471821347e-16 -2.913179698183626e-16 4.36976954727544e-16 -8.73953909455088e-16 4.36976954727544e-16 4.36976954727544e-16 -4.36976954727544e-16 -8.73953909455088e-16 1.019612894364269e-15 -5.826359396367253e-16 -1.602248834000995e-15 1.456589849091813e-15 -4.36976954727544e-16 -8.73953909455088e-16 -1.456589849091813e-16 -8.011244170004973e-16 2.73110596704715e-17 7.282949245459067e-16 -3.495815637820352e-15 8.73953909455088e-16 2.913179698183626e-16 4.36976954727544e-16 1.820737311364767e-15 -1.165271879273451e-15 4.36976954727544e-16 -7.282949245459067e-16 0 -7.282949245459067e-16 -1.747907818910176e-15 -2.585446982137969e-15 -1.019612894364269e-15 -2.767520713274445e-15 -2.039225788728539e-15 5.826359396367253e-16 -1.747907818910176e-15 -1.165271879273451e-15 -1.165271879273451e-15 -6.827764917617875e-16 -7.282949245459067e-16 0 5.826359396367253e-16 -5.826359396367253e-16 -7.282949245459067e-16 1.310930864182632e-15 -1.747907818910176e-15 5.826359396367253e-16 -2.039225788728539e-15 -4.005622085002487e-16 1.165271879273451e-15 -2.913179698183626e-16 -1.165271879273451e-15 -1.165271879273451e-15 -5.826359396367253e-16 -1.310930864182632e-15 -5.826359396367253e-16 0 8.73953909455088e-16 1.09244238681886e-15 -4.733917009548393e-16 1.456589849091813e-15 1.747907818910176e-15 -5.826359396367253e-16 -1.747907818910176e-15 1.165271879273451e-15 -1.747907818910176e-15 8.73953909455088e-16 2.18488477363772e-15 -5.4622119340943e-17 -2.913179698183626e-16 -5.826359396367253e-16 -2.913179698183626e-16 -1.456589849091813e-15 3.495815637820352e-15 0 2.913179698183626e-16 1.893566803819357e-15 2.18488477363772e-16 -8.73953909455088e-16 1.747907818910176e-15 3.495815637820352e-15 5.826359396367253e-16 8.73953909455088e-16 5.826359396367253e-16 1.019612894364269e-15 1.456589849091813e-16 -4.005622085002487e-16 -8.73953909455088e-16 1.165271879273451e-15 2.913179698183627e-15 0 -1.747907818910176e-15 5.826359396367253e-16 -1.747907818910176e-15 -7.282949245459067e-16 -1.383760356637223e-15 -4.36976954727544e-16 1.456589849091813e-15 -2.476202743456083e-15 8.73953909455088e-16 -2.457995370342435e-15 -3.641474622729533e-16 -2.840350205729036e-15 -1.165271879273451e-15 4.36976954727544e-16 -2.749313340160798e-15 8.011244170004973e-16 1.456589849091813e-15 5.826359396367253e-16 1.165271879273451e-15 -1.456589849091813e-15 -1.165271879273451e-15 5.826359396367253e-16 -8.73953909455088e-16 0 1.456589849091813e-15 0 5.826359396367253e-16 2.767520713274445e-15 7.282949245459066e-17 -8.73953909455088e-16 -7.282949245459067e-16 -8.73953909455088e-16 -3.787133607638714e-15 -5.826359396367253e-16 -5.826359396367253e-16 -8.73953909455088e-16 1.165271879273451e-15 5.098064471821347e-16 3.787133607638714e-15 -7.282949245459066e-17 1.383760356637223e-15 7.282949245459067e-16 -7.282949245459067e-16 -8.73953909455088e-16 0 5.826359396367253e-16 -4.36976954727544e-16 -1.675078326455585e-15 -5.4622119340943e-16 -1.529419341546404e-15 9.467834019096786e-16 -8.73953909455088e-16 1.310930864182632e-15 7.282949245459067e-16 1.456589849091813e-16 3.495815637820352e-15 3.195393981445165e-15 -3.641474622729533e-17 -6.55465432091316e-16 -7.10087551432259e-16 9.376797153528549e-16 1.738804132353352e-15 2.366958504774197e-15 1.747907818910176e-15 2.330543758546901e-15 1.019612894364269e-15 5.098064471821347e-16 -6.918801783186113e-16 9.467834019096786e-16 -4.36976954727544e-16 -1.747907818910176e-15 2.913179698183626e-16 8.73953909455088e-16 -1.019612894364269e-15 1.165271879273451e-15 8.73953909455088e-16 3.27732716045658e-16 1.128857133046155e-15 -1.456589849091813e-16 -2.18488477363772e-16 2.913179698183626e-16 -4.36976954727544e-16 5.826359396367253e-16 -1.893566803819357e-15 5.098064471821347e-16 8.011244170004973e-16 -7.282949245459067e-16 -1.966396296273948e-15 1.165271879273451e-15 1.820737311364767e-15 -4.733917009548393e-16 1.383760356637223e-15 -2.913179698183627e-15 -2.330543758546901e-15 -8.73953909455088e-16 1.747907818910176e-15 -4.36976954727544e-16 5.826359396367253e-16 -2.549032235910673e-15 -1.019612894364269e-15 -2.330543758546901e-15 8.73953909455088e-16 1.165271879273451e-15 -2.913179698183626e-16 1.747907818910176e-15 -3.641474622729533e-16 -1.310930864182632e-15 2.913179698183626e-16 2.913179698183626e-16 1.165271879273451e-15 2.767520713274445e-15 1.165271879273451e-15 -1.529419341546404e-15 -3.095253429320103e-16 -6.55465432091316e-16 -1.747907818910176e-15 1.165271879273451e-15 -5.826359396367253e-16 -1.747907818910176e-15 1.747907818910176e-15 1.165271879273451e-15 1.747907818910176e-15 2.913179698183626e-16 2.913179698183626e-16 2.913179698183626e-16 -1.310930864182632e-15 1.456589849091813e-16 6.55465432091316e-16 2.913179698183626e-16 -8.73953909455088e-16 2.913179698183626e-16 -1.529419341546404e-15 -2.257714266092311e-15 -1.602248834000995e-15 -1.456589849091813e-16 -2.476202743456083e-15 1.456589849091813e-16 -2.913179698183626e-16 -1.456589849091813e-15 5.826359396367253e-16 8.73953909455088e-16 -1.602248834000995e-15 -1.165271879273451e-15 1.529419341546404e-15 2.18488477363772e-15 1.019612894364269e-15 5.826359396367253e-16 2.039225788728539e-15 2.913179698183626e-16 -5.826359396367253e-16 2.330543758546901e-15 1.63866358022829e-15 5.826359396367253e-16 -2.767520713274445e-15 -1.165271879273451e-15 -1.820737311364767e-15 1.347345610409927e-15 -5.826359396367253e-16 1.747907818910176e-15 4.36976954727544e-16 -2.621861728365264e-15 7.282949245459067e-16 -1.602248834000995e-15 1.310930864182632e-15 -1.019612894364269e-15 8.967131258471476e-16 5.826359396367253e-16 -2.913179698183626e-16 1.456589849091813e-16 1.602248834000995e-15 2.549032235910673e-16 1.110649759932508e-15 3.641474622729533e-16 -4.36976954727544e-16 2.18488477363772e-16 -5.826359396367253e-16 4.36976954727544e-16 -1.747907818910176e-15 -3.204497668001989e-15 -2.767520713274445e-15 -1.165271879273451e-15 -5.098064471821347e-16 -9.467834019096786e-16 -5.826359396367253e-16 7.282949245459067e-16 2.621861728365264e-15 1.602248834000995e-15 -7.282949245459067e-16 -8.73953909455088e-16 2.18488477363772e-16 1.565834087773699e-15 -1.347345610409927e-15 1.966396296273948e-15 2.330543758546901e-15 1.602248834000995e-15 0.05997010000000131 -0.0530104999999995 -0.1216889999999992 -0.1191750000000005 -0.1100750000000028 -0.1796060000000013 -0.3868110000000007 -0.7281970000000006 -1.130340000000001 -1.47624 -1.653790000000001 -1.60364 -1.343810000000003 -0.959202000000002 -0.561284000000003 -0.2374830000000012 0.7434180000000011 0.7478579999999984 0.5987429999999967 0.4568769999999991 0.4608390000000004 0.6604109999999991 0.9942819999999993 1.320229999999999 1.482979999999999 2.363749999999999 2.798450000000002 2.129290000000001 3.243869999999999 3.054249999999998 3.17025 3.373119999999998 3.24897 2.101700000000001 2.235710000000001 2.246980000000001 2.168109999999999 1.920420000000001 1.47037 0.8414210000000012 0.1025660000000006 -0.6605590000000005 -1.376790000000001 -2.00623 -2.534120000000003 -2.946780000000002 -3.206199999999998 -3.242999999999997 -3.707709999999999 -3.186709999999999 -2.354639999999999 -1.71177 -0.3055250000000019 0.8977349999999975 1.691119999999997 0.3971369999999983 -0.2429300000000023 -1.380750000000001 -2.60907 -3.67109 -4.383910000000002 -4.666249999999999 -4.52184 