 // File created with Octave
// Points
Point(1) = {0.001,0,0,0.0005};
Point(2) = {0.0009510565162951536,0.0003090169943749474,0,0.0005};
Point(3) = {0.0008090169943749475,0.0005877852522924731,0,0.0005};
Point(4) = {0.0005877852522924731,0.0008090169943749475,0,0.0005};
Point(5) = {0.0003090169943749475,0.0009510565162951536,0,0.0005};
Point(6) = {6.123233995736766e-20,0.001,0,0.0005};
Point(7) = {-0.0003090169943749474,0.0009510565162951537,0,0.0005};
Point(8) = {-0.000587785252292473,0.0008090169943749475,0,0.0005};
Point(9) = {-0.0008090169943749474,0.0005877852522924732,0,0.0005};
Point(10) = {-0.0009510565162951536,0.0003090169943749475,0,0.0005};
Point(11) = {-0.001,1.224646799147353e-19,0,0.0005};
Point(12) = {-0.0009510565162951537,-0.0003090169943749473,0,0.0005};
Point(13) = {-0.0008090169943749476,-0.000587785252292473,0,0.0005};
Point(14) = {-0.0005877852522924732,-0.0008090169943749474,0,0.0005};
Point(15) = {-0.0003090169943749476,-0.0009510565162951536,0,0.0005};
Point(16) = {-1.83697019872103e-19,-0.001,0,0.0005};
Point(17) = {0.0003090169943749472,-0.0009510565162951537,0,0.0005};
Point(18) = {0.0005877852522924729,-0.0008090169943749476,0,0.0005};
Point(19) = {0.0008090169943749474,-0.0005877852522924733,0,0.0005};
Point(20) = {0.0009510565162951536,-0.0003090169943749476,0,0.0005};
// Lines
Line(1) = {1,2};
Line(2) = {2,3};
Line(3) = {3,4};
Line(4) = {4,5};
Line(5) = {5,6};
Line(6) = {6,7};
Line(7) = {7,8};
Line(8) = {8,9};
Line(9) = {9,10};
Line(10) = {10,11};
Line(11) = {11,12};
Line(12) = {12,13};
Line(13) = {13,14};
Line(14) = {14,15};
Line(15) = {15,16};
Line(16) = {16,17};
Line(17) = {17,18};
Line(18) = {18,19};
Line(19) = {19,20};
Line(20) = {20,1};
Line Loop(21) = {1,2,3,4,5,6,7,8,9,10,11,12,13,14,15,16,17,18,19,20};
Plane Surface(22) = {21};
