 // File created with Octave
// Points
Point(1) = {1,0,0,15};
Point(2) = {0.8090169943749475,0.5877852522924731,0,15};
Point(3) = {0.3090169943749475,0.9510565162951535,0,15};
Point(4) = {-0.3090169943749473,0.9510565162951536,0,15};
Point(5) = {-0.8090169943749473,0.5877852522924732,0,15};
Point(6) = {-1,1.224646799147353e-16,0,15};
Point(7) = {-0.8090169943749476,-0.587785252292473,0,15};
Point(8) = {-0.3090169943749476,-0.9510565162951535,0,15};
Point(9) = {0.3090169943749472,-0.9510565162951536,0,15};
Point(10) = {0.8090169943749473,-0.5877852522924734,0,15};
// Lines
Line(1) = {1,2};
Line(2) = {2,3};
Line(3) = {3,4};
Line(4) = {4,5};
Line(5) = {5,6};
Line(6) = {6,7};
Line(7) = {7,8};
Line(8) = {8,9};
Line(9) = {9,10};
Line(10) = {10,1};
Line Loop(11) = {1,2,3,4,5,6,7,8,9,10};
Plane Surface(12) = {11};
