 // File created with Octave
// Points
Point(1) = {1,0,0,0.25};
Point(2) = {0.9510565162951535,0.3090169943749474,0,0.25};
Point(3) = {0.8090169943749475,0.5877852522924731,0,0.25};
Point(4) = {0.5877852522924731,0.8090169943749475,0,0.25};
Point(5) = {0.3090169943749475,0.9510565162951535,0,0.25};
Point(6) = {6.123233995736766e-17,1,0,0.25};
Point(7) = {-0.3090169943749473,0.9510565162951536,0,0.25};
Point(8) = {-0.587785252292473,0.8090169943749475,0,0.25};
Point(9) = {-0.8090169943749473,0.5877852522924732,0,0.25};
Point(10) = {-0.9510565162951535,0.3090169943749475,0,0.25};
Point(11) = {-1,1.224646799147353e-16,0,0.25};
Point(12) = {-0.9510565162951536,-0.3090169943749473,0,0.25};
Point(13) = {-0.8090169943749476,-0.587785252292473,0,0.25};
Point(14) = {-0.5877852522924732,-0.8090169943749473,0,0.25};
Point(15) = {-0.3090169943749476,-0.9510565162951535,0,0.25};
Point(16) = {-1.83697019872103e-16,-1,0,0.25};
Point(17) = {0.3090169943749472,-0.9510565162951536,0,0.25};
Point(18) = {0.5877852522924729,-0.8090169943749476,0,0.25};
Point(19) = {0.8090169943749473,-0.5877852522924734,0,0.25};
Point(20) = {0.9510565162951535,-0.3090169943749476,0,0.25};
// Lines
Line(1) = {1,2};
Line(2) = {2,3};
Line(3) = {3,4};
Line(4) = {4,5};
Line(5) = {5,6};
Line(6) = {6,7};
Line(7) = {7,8};
Line(8) = {8,9};
Line(9) = {9,10};
Line(10) = {10,11};
Line(11) = {11,12};
Line(12) = {12,13};
Line(13) = {13,14};
Line(14) = {14,15};
Line(15) = {15,16};
Line(16) = {16,17};
Line(17) = {17,18};
Line(18) = {18,19};
Line(19) = {19,20};
Line(20) = {20,1};
Line Loop(21) = {1,2,3,4,5,6,7,8,9,10,11,12,13,14,15,16,17,18,19,20};
Plane Surface(22) = {21};
